169
0
1
2
3
4
5
6
7
10
11
12
13
14
15
16
17
18
20
21
22
23
24
25
26
28
29
31
32
33
34
35
36
37
39
40
43
44
46
47
48
49
50
52
53
55
56
57
58
64
66
72
73
75
77
79
80
85
86
89
91
93
122
124
125
126
129
131
138
139
140
145
146
147
167
170
175
179
181
182
184
189
190
191
192
193
194
195
196
197
198
199
200
208
209
210
211
212
213
214
216
219
220
221
222
225
230
231
233
234
235
237
240
241
242
243
244
245
246
247
248
249
251
252
253
254
255
256
258
259
263
266
267
269
270
271
272
275
276
277
278
279
280
282
283
284
285
286
287
289
291
292
293
294
295
296
297
298
300
301
302
303
307
311
312
313
315
316
317
318
